start=368.612040
volume=44.000000
