start=6216.501958
fullscreen=yes
sub-delay=-0.100000
