start=6766.134375
fullscreen=yes
sub-delay=-2.799999
