start=99.755962
volume=51.000000
