start=1363.653956
fullscreen=yes
sub-delay=-0.000000
